200
868 140
843 138
818 137
793 135
768 134
742 132
716 131
690 130
663 129
637 128
610 127
584 126
557 126
530 126
503 126
477 127
451 129
425 133
400 137
376 143
353 151
330 161
308 173
288 187
268 204
250 222
233 241
217 262
203 284
191 307
180 331
171 355
163 380
158 405
154 430
151 455
150 480
149 506
150 532
150 558
151 584
152 610
153 637
153 663
153 691
152 718
151 745
150 772
150 799
150 825
152 851
155 876
159 900
166 923
175 945
186 966
200 985
216 1004
234 1021
253 1037
274 1051
297 1064
321 1076
346 1087
372 1096
398 1104
426 1110
453 1115
480 1117
507 1118
534 1117
560 1113
585 1106
608 1097
630 1085
650 1070
668 1051
684 1030
697 1007
708 982
715 957
720 931
721 905
718 879
712 855
701 833
687 812
669 794
648 777
626 762
602 747
579 732
556 717
535 702
517 686
502 668
491 649
485 627
483 605
485 581
491 558
501 534
513 511
529 489
547 468
566 450
588 434
611 422
635 412
661 405
687 400
713 398
740 399
766 402
793 407
818 415
843 424
867 436
890 449
912 464
932 481
951 499
968 518
983 539
997 560
1009 582
1019 605
1026 629
1032 653
1036 677
1039 702
1041 727
1042 752
1044 777
1046 803
1048 829
1053 856
1058 882
1066 909
1077 935
1089 961
1103 986
1118 1008
1135 1029
1152 1046
1170 1059
1189 1069
1207 1073
1226 1072
1244 1065
1262 1054
1279 1039
1295 1020
1310 998
1324 974
1337 948
1348 921
1358 894
1366 867
1372 840
1376 814
1379 787
1381 762
1382 736
1382 710
1381 685
1379 659
1378 634
1376 608
1374 581
1372 555
1370 529
1368 502
1364 476
1361 450
1356 425
1349 400
1342 376
1332 353
1321 331
1308 311
1292 291
1275 273
1256 257
1236 241
1214 227
1192 214
1169 202
1146 191
1122 182
1098 174
1075 167
1051 161
1028 156
1005 152
981 149
958 147
934 144
910 142
886 141
