200
251 261
271 247
291 233
313 221
335 210
357 200
380 191
404 182
427 174
451 166
475 159
499 151
523 144
547 137
570 130
594 123
618 116
642 110
666 104
690 99
714 94
738 90
762 86
786 83
811 81
835 79
860 79
885 79
909 80
934 83
958 86
983 91
1007 97
1031 104
1055 113
1079 122
1101 133
1124 145
1145 159
1165 174
1184 189
1202 206
1218 224
1232 244
1245 264
1257 285
1267 307
1277 330
1285 353
1292 376
1299 400
1306 424
1312 448
1318 472
1324 496
1330 519
1336 542
1342 566
1347 589
1353 613
1359 637
1365 661
1370 686
1376 711
1381 736
1386 763
1391 789
1394 815
1396 841
1396 867
1394 891
1390 915
1383 937
1372 958
1358 976
1340 993
1318 1007
1294 1019
1269 1028
1242 1035
1214 1039
1187 1040
1160 1038
1136 1033
1113 1025
1093 1014
1077 999
1063 981
1053 961
1044 938
1038 914
1034 888
1031 861
1030 833
1030 805
1031 776
1033 748
1035 720
1037 692
1038 666
1039 640
1038 615
1036 592
1032 569
1025 549
1017 530
1005 513
990 499
972 486
952 475
929 466
905 458
879 452
852 448
823 445
794 444
765 444
736 445
706 447
678 451
650 457
624 464
601 472
579 482
561 494
546 507
535 522
528 539
525 558
526 578
530 600
537 622
547 646
559 670
572 695
586 720
602 745
617 770
633 795
648 820
662 844
675 868
686 891
695 913
701 934
703 955
702 974
697 993
687 1010
673 1025
656 1039
635 1052
612 1063
587 1072
561 1080
533 1085
505 1089
477 1090
450 1090
423 1087
397 1082
372 1075
348 1067
326 1056
304 1044
284 1031
265 1016
247 999
231 981
216 962
203 942
191 921
180 899
170 877
162 854
154 830
147 806
140 781
134 756
128 731
123 707
119 682
115 657
111 632
109 607
108 583
108 558
109 534
111 510
115 485
121 461
129 438
137 414
148 392
160 370
173 348
187 328
203 308
220 290
238 273
