200
835 60 0.7
809 59 0.7
784 58 0.7
759 58 0.7
733 58 0.7
708 59 0.7
683 60 0.7
658 61 0.7
633 63 0.7
609 67 0.7
584 71 0.7
560 76 0.7
536 82 0.7
512 90 0.7
489 98 0.7
466 108 0.7
443 118 0.7
420 129 0.7
399 142 0.7
377 155 0.7
356 169 0.7
336 184 0.7
316 199 0.7
297 216 0.7
278 233 0.7
261 250 0.7
244 269 0.7
228 288 0.7
213 308 0.7
200 328 0.7
187 349 0.7
176 370 0.7
166 393 0.7
157 415 0.7
149 438 0.7
143 462 0.7
137 486 0.7
132 510 0.7
128 535 0.7
124 560 0.7
120 586 0.7
117 611 0.7
113 637 0.7
110 663 0.7
106 689 0.7
102 715 0.7
98 741 0.7
96 766 0.7
94 792 0.7
93 816 0.7
94 841 0.7
96 865 0.7
100 888 0.7
107 910 0.7
116 931 0.7
127 952 0.7
141 971 0.7
157 990 0.7
174 1008 0.7
193 1025 0.7
214 1041 0.7
235 1056 0.7
258 1070 0.7
282 1084 0.7
306 1097 0.7
331 1109 0.7
357 1120 0.7
382 1130 0.7
407 1138 0.7
433 1144 0.7
458 1148 0.7
482 1149 0.7
506 1148 0.7
529 1144 0.7
551 1137 0.7
571 1126 0.7
591 1112 0.7
609 1095 0.7
625 1075 0.7
639 1054 0.7
651 1031 0.7
660 1007 0.7
667 982 0.7
671 957 0.7
672 932 0.7
670 908 0.7
665 885 0.7
657 862 0.7
646 840 0.7
635 818 0.7
622 797 0.7
609 775 0.7
596 753 0.7
583 731 0.7
572 708 0.7
562 684 0.7
555 659 0.7
550 633 0.7
547 607 0.7
547 581 0.7
549 556 0.7
554 531 0.7
562 508 0.7
572 487 0.7
585 468 0.7
600 451 0.7
619 438 0.7
640 428 0.7
663 420 0.7
688 415 0.7
714 414 0.7
740 414 0.7
767 417 0.7
794 423 0.7
820 431 0.7
845 440 0.7
869 452 0.7
891 466 0.7
911 481 0.7
929 498 0.7
946 516 0.7
961 536 0.7
975 557 0.7
988 579 0.7
999 602 0.7
1010 626 0.7
1019 650 0.7
1028 675 0.7
1035 700 0.7
1043 726 0.7
1050 751 0.7
1057 776 0.7
1065 801 0.7
1074 824 0.7
1084 847 0.7
1095 868 0.7
1108 888 0.7
1123 906 0.7
1140 922 0.7
1160 936 0.7
1180 948 0.7
1202 957 0.7
1225 963 0.7
1247 967 0.7
1269 967 0.7
1291 964 0.7
1311 957 0.7
1329 947 0.7
1346 933 0.7
1360 916 0.7
1374 896 0.7
1385 874 0.7
1395 850 0.7
1404 824 0.7
1412 797 0.7
1419 770 0.7
1425 743 0.7
1431 716 0.7
1435 689 0.7
1439 663 0.7
1442 637 0.7
1445 612 0.7
1446 587 0.7
1447 562 0.7
1447 538 0.7
1446 513 0.7
1443 489 0.7
1440 465 0.7
1436 441 0.7
1431 416 0.7
1425 392 0.7
1417 368 0.7
1408 344 0.7
1399 321 0.7
1388 298 0.7
1376 276 0.7
1362 254 0.7
1348 234 0.7
1332 214 0.7
1315 196 0.7
1297 179 0.7
1278 162 0.7
1258 148 0.7
1237 134 0.7
1215 121 0.7
1193 110 0.7
1170 100 0.7
1146 91 0.7
1122 83 0.7
1098 77 0.7
1074 71 0.7
1049 67 0.7
1025 64 0.7
1000 62 0.7
975 60 0.7
950 59 0.7
925 59 0.7
900 59 0.7
875 59 0.7
850 59 0.7
