200
820 100
796 99
773 98
749 98
725 98
702 98
678 99
654 100
629 101
605 103
581 106
556 108
531 111
507 115
482 119
458 124
435 130
412 137
389 145
368 154
347 165
328 177
310 191
294 207
278 224
264 242
251 262
239 282
227 303
217 325
207 348
198 370
189 393
181 415
173 438
166 460
159 483
152 505
147 528
141 551
137 574
133 597
130 620
127 643
126 667
125 691
125 715
126 739
128 763
131 786
136 810
141 833
148 855
156 877
166 898
176 919
189 939
202 958
217 976
233 994
250 1010
268 1025
288 1040
309 1053
331 1065
354 1076
377 1086
402 1094
426 1101
451 1105
476 1108
501 1108
525 1105
548 1100
570 1092
591 1081
611 1067
629 1051
645 1032
658 1011
670 989
678 966
684 943
687 920
686 897
681 874
673 853
661 833
648 813
632 794
616 776
600 757
584 739
570 720
557 701
548 681
541 660
539 639
540 617
544 595
551 574
562 553
574 532
590 513
607 495
626 480
647 466
669 454
693 445
717 438
742 433
767 431
792 431
816 433
839 438
862 445
883 454
902 466
920 480
936 495
950 513
963 532
975 553
986 575
995 598
1004 622
1011 646
1018 671
1024 696
1029 722
1035 746
1040 771
1047 794
1054 817
1063 839
1073 859
1085 878
1100 894
1116 909
1136 921
1156 931
1178 938
1200 943
1222 945
1243 943
1264 939
1282 931
1298 919
1311 904
1323 886
1332 866
1340 844
1347 819
1352 794
1357 768
1361 741
1364 714
1368 688
1372 662
1376 637
1381 613
1385 589
1389 566
1393 543
1396 520
1398 497
1400 474
1400 451
1400 428
1398 404
1395 380
1390 356
1384 333
1377 310
1368 288
1358 267
1346 247
1332 229
1317 212
1300 198
1281 185
1261 174
1240 165
1217 157
1194 150
1170 145
1146 140
1121 135
1097 132
1072 128
1048 125
1024 121
1000 118
976 115
953 112
929 109
906 107
883 104
859 102
836 101
